1101011110111000100100010010010000100001
1110111101000110110000001111110001101011
1111001011010001110000100001010111111011
0100101011111001000000111001100110111010
1000000000001010001101010101101001111110
1000001000000010001100000111011110010110
1101011010111101010000010000100010011111
0101000100100100100000100110011001100110
0100001011010110010101101101001011110011
1001100010110011110011000100111110010011
1001010000001001000101011101110010101100
1000000010011001110101101101001001001010
0110101111010110011110111100011000010101
1011001000110011010001001110001100101011
1001111101100101001101001110001100011100
